$ 1 0.000005 1.2182493960703473 49 5 43 5e-11
v -112 128 -112 320 0 1 60 180 0 0 0.5
404 -112 128 96 128 0 0.0613 6.73 0 false
r 96 128 96 320 0 10000
w -112 320 96 320 0
T 96 320 256 128 0 4 0.105 0.16479760990233505 -1.5263529225132202e-7 0.999
d 288 320 288 64 2 1N4004
d 448 368 448 128 2 1N4004
w 288 320 288 368 0
d 448 368 288 368 2 1N4004
c 512 16 512 368 0 0.00056 16.675658446914277 0.001
r 608 128 608 368 0 1000
r 704 16 704 128 0 1000
34 13V 0 1.7143528192810002e-7 0 2 13 0
z 704 368 704 176 2 13V
r 800 368 800 272 0 2200
w 800 176 704 176 0
t 816 224 912 224 0 1 -3.7894740583819875 0.7147858224698034 100 default
w 880 16 912 16 0
w 912 16 912 208 0
r 912 240 912 368 0 120
w 880 368 912 368 0
w 912 240 1040 240 0
w 912 368 1040 368 0
d 1040 368 1040 240 2 1N4004
g 1040 368 1040 400 0 0
162 608 16 608 128 2 default-led 1 0 0 0.01
d 448 64 288 64 2 default
w 288 320 272 320 0
w 272 320 256 320 0
w 256 128 448 128 0
w 288 64 288 16 0
w 448 128 448 64 0
w 288 16 512 16 0
w 512 16 608 16 0
w 608 16 704 16 0
w 704 16 880 16 0
w 448 368 512 368 0
w 512 368 608 368 0
w 608 368 704 368 0
w 704 368 800 368 0
w 800 368 880 368 0
w 704 176 704 128 0
174 800 176 800 272 1 5000 0.005 Resistance
o 0 64 0 4099 320 0.8 0 2 0 3
o 18 64 0 4099 20 0.2 1 2 18 3
o 32 64 0 4099 20 0.2 2 2 32 3
